rlwrap ../../../../tools/serial-io/serialdump -b115200 /dev/ttyUSB0
6482 1234 106 143 
6481 1236 107 144 
6482 1249 105 144 
6481 1258 106 144 
6482 1259 106 144 
6481 1258 106 144 
6481 1254 106 144 
6481 1252 106 144 
6481 1250 106 145 

6482 1250 107 144 
6482 1250 106 144 
6482 1260 105 143 
6482 1270 106 144 
6483 1276 106 143 
6482 1275 106 143 
6482 1272 105 143 
6482 1268 106 143 
6482 1274 106 142 
6484 1270 107 143 

6483 1263 105 142 
6484 1258 104 140 
6487 1255 104 140 
6488 1252 105 141 
6488 1248 101 135 
6489 1246 100 135 
6489 1243 101 137 
6490 1240 100 135 
6492 1237 106 142 
6494 1236 105 142 

6494 1234 101 137 
[INFO: Energest  ] --- Period summary #1 (60 seconds)
[INFO: Energest  ] Total time  :    1972019
[INFO: Energest  ] CPU         :     497511/   1972019 (252 permil)
[INFO: Energest  ] LPM         :    1474508/   1972019 (747 permil)
[INFO: Energest  ] Deep LPM    :          0/   1972019 (0 permil)
[INFO: Energest  ] Radio Tx    :         29/   1972019 (0 permil)
[INFO: Energest  ] Radio Rx    :    1971987/   1972019 (999 permil)
[INFO: Energest  ] Radio total :    1972016/   1972019 (999 permil)
6496 1234 99 135 
6496 1234 105 142 
6497 1234 105 141 
6498 1235 104 140 
6498 1236 96 129 
6499 1244 97 132 
6498 1243 97 131 
6500 1241 97 131 
6500 1239 97 131 

6501 1240 97 131 
6502 1239 97 131 
6503 1238 97 131 
6505 1236 96 131 
6506 1236 97 131 
6505 1234 97 133 
6505 1234 97 131 
6505 1232 96 131 
6507 1232 97 131 
6507 1231 97 132 

6508 1230 98 131 
6508 1229 98 133 
6510 1227 97 132 
6510 1227 98 132 
6511 1226 98 132 
6511 1226 97 132 
6512 1226 98 132 
6513 1225 98 133 
6512 1224 105 142 
6513 1223 106 142 

6513 1222 106 143 
6514 1222 106 142 
6515 1222 105 141 
6514 1222 105 141 
6515 1221 105 142 
6516 1221 106 141 
6516 1221 103 140 
6517 1220 104 140 
6515 1220 103 139 
6514 1220 105 140 

6515 1220 104 139 
6515 1220 103 139 
6516 1219 103 139 
6516 1218 103 139 
6516 1218 99 138 
6516 1219 103 139 
[INFO: Energest  ] --- Period summary #2 (59 seconds)
[INFO: Energest  ] Total time  :    1960141
[INFO: Energest  ] CPU         :     487294/   1960141 (248 permil)
[INFO: Energest  ] LPM         :    1472847/   1960141 (751 permil)
[INFO: Energest  ] Deep LPM    :          0/   1960141 (0 permil)
[INFO: Energest  ] Radio Tx    :         58/   1960141 (0 permil)
[INFO: Energest  ] Radio Rx    :    1960081/   1960141 (999 permil)
[INFO: Energest  ] Radio total :    1960139/   1960141 (999 permil)
6515 1219 103 139 
6515 1218 103 142 
6514 1218 103 139 
6514 1217 103 140 

6515 1216 104 140 
6515 1216 104 139 
6516 1216 104 140 
6515 1216 104 138 
6514 1215 103 139 
6514 1213 104 139 
6512 1213 103 139 
6512 1212 103 139 
6512 1213 103 139 
6512 1212 100 139 

6512 1212 103 138 
6510 1212 100 135 
6510 1211 101 134 
6510 1210 97 132 
6512 1210 97 131 
6512 1210 96 129 
6513 1210 97 130 
6513 1212 98 133 
6513 1214 103 138 
6513 1216 102 139 

6514 1218 102 138 
6513 1218 101 136 
6514 1218 98 130 
6514 1223 103 139 
6515 1226 104 137 
6515 1230 102 137 
6515 1232 102 137 
6516 1238 103 138 
6517 1240 103 138 
6518 1236 101 137 

6516 1230 103 139 
6516 1228 103 139 
6514 1224 103 139 
6516 1222 103 138 
6517 1219 102 139 
6517 1217 103 139 
6516 1218 106 138 
6515 1220 103 139 
6515 1225 103 139 
6512 1230 104 138 

6513 1234 103 138 
6515 1236 102 138 
[INFO: Energest  ] --- Period summary #3 (60 seconds)
[INFO: Energest  ] Total time  :    1976453
[INFO: Energest  ] CPU         :     498050/   1976453 (251 permil)
[INFO: Energest  ] LPM         :    1478403/   1976453 (748 permil)
[INFO: Energest  ] Deep LPM    :          0/   1976453 (0 permil)
[INFO: Energest  ] Radio Tx    :         57/   1976453 (0 permil)
[INFO: Energest  ] Radio Rx    :    1976392/   1976453 (999 permil)
[INFO: Energest  ] Radio total :    1976449/   1976453 (999 permil)
6514 1236 104 138 
6513 1234 102 139 
6514 1232 103 139 
6513 1230 103 139 
6514 1227 103 140 
6515 1224 104 139 
6517 1224 104 140 
6518 1222 103 140 

6518 1221 105 140 
6519 1220 103 140 
6520 1220 104 140 
6520 1220 104 140 
6521 1219 102 137 
6522 1220 103 139 
6522 1219 103 139 
6522 1218 98 133 
6523 1218 100 133 
6524 1218 99 134 

6524 1217 99 134 
6525 1227 97 134 
6523 1263 99 135 
6521 1291 99 135 
6518 1294 99 135 
6519 1286 99 135 
6519 1278 99 135 
6519 1272 99 135 
6520 1264 99 135 
6521 1254 98 135 

6520 1246 99 135 
6523 1241 99 136 
6522 1238 99 135 
6525 1233 99 133 
6523 1230 99 135 
6524 1224 99 135 
6524 1220 99 135 
6524 1218 99 134 
6523 1217 99 135 
6524 1216 99 135 

6524 1215 99 135 
6526 1216 99 130 
6526 1215 100 135 
6525 1213 97 135 
6526 1212 100 136 
6524 1211 99 135 
6523 1209 99 135 
[INFO: Energest  ] --- Period summary #4 (59 seconds)
[INFO: Energest  ] Total time  :    1955707
[INFO: Energest  ] CPU         :     486940/   1955707 (248 permil)
[INFO: Energest  ] LPM         :    1468767/   1955707 (751 permil)
[INFO: Energest  ] Deep LPM    :          0/   1955707 (0 permil)
[INFO: Energest  ] Radio Tx    :         58/   1955707 (0 permil)
[INFO: Energest  ] Radio Rx    :    1955645/   1955707 (999 permil)
[INFO: Energest  ] Radio total :    1955703/   1955707 (999 permil)
6522 1208 98 135 
6521 1208 99 135 
6520 1208 99 134 

6519 1208 99 134 
6520 1207 100 134 
6518 1207 99 135 
6516 1209 99 136 
6514 1211 98 135 
6514 1212 101 137 
6513 1214 99 136 
6512 1215 99 136 
6510 1216 108 144 
6510 1216 107 144 

6509 1218 107 145 
6509 1226 107 145 
6510 1226 108 145 
6510 1224 107 145 
6509 1220 108 146 
6507 1218 108 146 
6508 1216 108 146 
6507 1214 107 147 
6507 1218 109 147 
6507 1222 109 149 

6506 1222 109 147 
6505 1220 109 149 
6505 1221 111 149 
6505 1221 109 147 
6504 1222 110 149 
6503 1221 110 150 
6504 1220 110 151 
6503 1220 108 150 
6503 1220 111 151 
6503 1220 111 151 

6502 1220 111 150 
6502 1220 111 151 
6503 1222 111 151 
6502 1222 113 152 
6502 1221 111 152 
6502 1220 111 152 
6501 1220 111 152 
6502 1220 112 152 
6502 1220 111 150 
6502 1221 111 152 

6502 1222 112 154 
6502 1222 115 153 
[INFO: Energest  ] --- Period summary #5 (60 seconds)
[INFO: Energest  ] Total time  :    1966080
[INFO: Energest  ] CPU         :     487089/   1966080 (247 permil)
[INFO: Energest  ] LPM         :    1478991/   1966080 (752 permil)
[INFO: Energest  ] Deep LPM    :          0/   1966080 (0 permil)
[INFO: Energest  ] Radio Tx    :         58/   1966080 (0 permil)
[INFO: Energest  ] Radio Rx    :    1966018/   1966080 (999 permil)
[INFO: Energest  ] Radio total :    1966076/   1966080 (999 permil)
6501 1222 111 153 
6502 1222 112 154 
6502 1222 111 152 
6501 1222 110 153 
6502 1225 112 152 
6501 1226 113 153 
6501 1226 112 154 
6500 1226 112 153 

6500 1228 112 152 
6500 1239 113 152 
6501 1250 111 152 
6500 1245 111 152 
6500 1240 111 151 
6500 1236 111 151 
6498 1234 112 153 
6498 1235 111 152 
6498 1241 112 151 
6500 1248 112 151 

6500 1248 112 151 
6501 1248 111 151 
6500 1244 112 151 
6501 1240 112 150 
6501 1237 112 149 
6501 1235 112 152 
6502 1234 111 152 
6502 1231 112 151 
6502 1232 106 144 
6504 1232 105 143 

6504 1234 103 141 
6506 1232 105 143 
6505 1230 105 142 
6506 1237 105 143 
6505 1237 105 142 
6505 1235 105 143 
6505 1234 103 143 
6503 1232 105 143 
6503 1232 105 144 
6504 1232 110 149 

6504 1231 108 147 
6504 1230 109 147 
6504 1229 108 147 
6507 1226 109 148 
6508 1224 111 149 
6510 1223 110 149 
6511 1220 111 149 
6512 1220 109 145 
[INFO: Energest  ] --- Period summary #6 (60 seconds)
[INFO: Energest  ] Total time  :    1966080
[INFO: Energest  ] CPU         :     498068/   1966080 (253 permil)
[INFO: Energest  ] LPM         :    1468012/   1966080 (746 permil)
[INFO: Energest  ] Deep LPM    :          0/   1966080 (0 permil)
[INFO: Energest  ] Radio Tx    :         86/   1966080 (0 permil)
[INFO: Energest  ] Radio Rx    :    1965988/   1966080 (999 permil)
[INFO: Energest  ] Radio total :    1966074/   1966080 (999 permil)
6511 1218 108 145 
6512 1218 107 146 

6512 1216 108 146 
6512 1214 107 145 
6512 1224 108 146 
6509 1240 107 145 
6508 1252 108 144 
6509 1277 107 146 
6507 1276 108 145 
6506 1264 109 145 
6506 1253 103 141 
6507 1245 101 140 

6506 1240 102 139 
6509 1236 103 140 
6510 1234 102 139 
6510 1232 102 139 
6511 1228 102 138 
6513 1227 102 138 
6516 1226 106 141 
6514 1224 107 141 
6516 1224 107 142 
6517 1224 106 142 

6518 1223 105 141 
6517 1221 108 142 
6516 1220 106 143 
6517 1219 106 144 
6516 1218 106 143 
6516 1220 106 143 
6516 1222 105 143 
6516 1224 106 143 
6517 1226 99 135 
6518 1226 99 134 

6518 1226 99 133 
6521 1226 99 133 
6523 1224 99 134 
6525 1223 99 133 
6525 1222 99 133 
6527 1221 99 133 
6529 1220 98 132 
6530 1220 98 132 
6528 1218 98 132 
6527 1217 104 141 

6528 1216 103 140 
6529 1215 103 140 
6528 1215 104 140 
[INFO: Energest  ] --- Period summary #7 (60 seconds)
[INFO: Energest  ] Total time  :    1966080
[INFO: Energest  ] CPU         :     486862/   1966080 (247 permil)
[INFO: Energest  ] LPM         :    1479218/   1966080 (752 permil)
[INFO: Energest  ] Deep LPM    :          0/   1966080 (0 permil)
[INFO: Energest  ] Radio Tx    :         29/   1966080 (0 permil)
[INFO: Energest  ] Radio Rx    :    1966049/   1966080 (999 permil)
[INFO: Energest  ] Radio total :    1966078/   1966080 (999 permil)
6528 1216 104 139 
6527 1216 104 139 
6526 1217 103 139 
6526 1217 103 139 
6526 1218 102 139 
6526 1216 103 138 
6526 1216 103 139 

6526 1214 103 138 
6525 1214 105 140 
6526 1212 104 138 
6526 1211 103 137 
6526 1210 102 138 
6526 1210 103 138 
6526 1212 104 138 
6525 1210 102 138 
6526 1212 103 138 
6525 1212 103 138 

6525 1212 103 138 
6524 1212 102 138 
6522 1212 103 137 
6522 1213 103 138 
6522 1213 97 130 
6520 1215 97 130 
6521 1241 96 129 
6520 1250 97 130 
6521 1249 96 130 
6521 1242 96 129 

6519 1235 97 129 
6520 1229 97 128 
6521 1226 97 130 
6523 1222 95 130 
6522 1220 96 130 
6522 1218 96 129 
6522 1216 96 129 
6522 1216 95 128 
6522 1216 96 128 
6521 1215 96 129 

6522 1214 96 128 
6521 1214 103 138 
6522 1212 101 138 
6521 1212 102 137 
6522 1214 103 138 
6524 1214 103 138 
6524 1216 103 137 
6526 1216 103 138 
6525 1216 103 138 
[INFO: Energest  ] --- Period summary #8 (60 seconds)
[INFO: Energest  ] Total time  :    1967924
[INFO: Energest  ] CPU         :     497888/   1967924 (253 permil)
[INFO: Energest  ] LPM         :    1470036/   1967924 (746 permil)
[INFO: Energest  ] Deep LPM    :          0/   1967924 (0 permil)
[INFO: Energest  ] Radio Tx    :         58/   1967924 (0 permil)
[INFO: Energest  ] Radio Rx    :    1967864/   1967924 (999 permil)
[INFO: Energest  ] Radio total :    1967922/   1967924 (999 permil)
6524 1217 102 138 

6525 1216 102 137 
6527 1216 102 137 
6528 1218 103 138 
6528 1216 102 138 
6528 1216 102 137 
6528 1216 102 137 
6527 1217 101 138 
6530 1232 102 138 
6530 1244 103 137 
6530 1245 103 137 

6531 1242 103 137 
6530 1239 102 137 
6531 1236 103 138 
6531 1233 102 137 
6532 1228 102 137 
6532 1226 103 138 
6533 1225 103 137 
6532 1232 102 139 
6532 1232 103 137 
6530 1230 102 137 

6532 1230 102 137 
6531 1230 103 137 
6533 1228 102 136 
6533 1227 102 137 
6534 1224 102 137 
6534 1220 101 137 
6534 1218 102 137 
6534 1216 103 136 
6535 1221 102 137 
6534 1223 102 137 

6534 1220 102 137 
6533 1217 101 136 
6530 1216 102 134 
6530 1216 101 137 
6530 1219 102 137 
6531 1224 103 136 
6530 1227 103 137 
6531 1228 102 136 
6531 1227 101 139 
6532 1224 102 136 

6533 1222 102 136 
6534 1220 101 137 
6534 1217 102 136 
6536 1216 101 136 
[INFO: Energest  ] --- Period summary #9 (59 seconds)
[INFO: Energest  ] Total time  :    1964236
[INFO: Energest  ] CPU         :     487760/   1964236 (248 permil)
[INFO: Energest  ] LPM         :    1476476/   1964236 (751 permil)
[INFO: Energest  ] Deep LPM    :          0/   1964236 (0 permil)
[INFO: Energest  ] Radio Tx    :         58/   1964236 (0 permil)
[INFO: Energest  ] Radio Rx    :    1964174/   1964236 (999 permil)
[INFO: Energest  ] Radio total :    1964232/   1964236 (999 permil)
6535 1215 99 135 
6534 1214 101 136 
6534 1213 101 136 
6532 1213 101 136 
6531 1211 101 136 
6531 1212 101 136 

6530 1212 101 136 
6529 1212 103 135 
6530 1212 102 136 
6530 1212 101 135 
6530 1212 101 136 
6528 1212 101 136 
6530 1213 101 135 
6528 1213 100 135 
6530 1212 101 137 
6530 1213 101 135 

6529 1216 102 135 
6529 1218 101 136 
6529 1217 101 136 
6528 1216 99 135 
6529 1216 101 135 
6527 1216 99 135 
6528 1215 101 135 
6528 1214 100 133 
6527 1215 103 135 
6527 1214 101 135 

6527 1213 101 136 
6526 1212 101 135 
6528 1213 101 135 
6528 1214 101 136 
6528 1214 101 135 
6528 1215 101 135 
6529 1216 101 134 
6528 1215 101 135 
6529 1214 98 134 
6528 1214 101 135 

6528 1214 101 134 
6530 1213 100 134 
6530 1214 101 135 
6530 1213 100 133 
6530 1213 101 134 
6530 1214 100 132 
6531 1214 101 134 
6530 1214 101 134 
6530 1213 100 132 
6529 1212 100 134 

[INFO: Energest  ] --- Period summary #10 (60 seconds)
[INFO: Energest  ] Total time  :    1972829
[INFO: Energest  ] CPU         :     498156/   1972829 (252 permil)
[INFO: Energest  ] LPM         :    1474673/   1972829 (747 permil)
[INFO: Energest  ] Deep LPM    :          0/   1972829 (0 permil)
[INFO: Energest  ] Radio Tx    :         87/   1972829 (0 permil)
[INFO: Energest  ] Radio Rx    :    1972735/   1972829 (999 permil)
[INFO: Energest  ] Radio total :    1972822/   1972829 (999 permil)
6529 1212 100 133 
6530 1212 100 133 
6528 1210 100 133 
6529 1209 99 132 
6529 1208 99 132 
6529 1207 101 134 
6529 1205 101 133 
6530 1204 102 134 
6530 1208 100 134 
6530 1218 100 132 

6530 1216 100 133 
6531 1212 100 132 
6530 1210 100 134 
6530 1210 100 130 
6530 1209 100 133 
6530 1210 100 133 
6530 1210 101 133 
6530 1211 100 134 
6531 1212 101 134 
6531 1212 100 134 

6529 1212 100 133 
6529 1212 100 133 
6529 1212 100 134 
6529 1211 100 133 
6528 1210 101 133 
6528 1208 101 134 
6530 1208 101 134 
6529 1210 100 134 
6530 1210 101 134 
6530 1208 100 134 

6529 1207 101 133 
6530 1210 101 134 
6532 1211 100 134 
6531 1212 100 134 
6530 1211 101 135 
6530 1210 101 134 
6529 1210 101 134 
6530 1211 102 134 
6530 1213 101 134 
6530 1215 100 133 

6530 1214 101 134 
6531 1212 100 132 
6532 1210 101 133 
6532 1210 100 134 
6534 1208 102 135 
[INFO: Energest  ] --- Period summary #11 (59 seconds)
[INFO: Energest  ] Total time  :    1959331
[INFO: Energest  ] CPU         :     487429/   1959331 (248 permil)
[INFO: Energest  ] LPM         :    1471902/   1959331 (751 permil)
[INFO: Energest  ] Deep LPM    :          0/   1959331 (0 permil)
[INFO: Energest  ] Radio Tx    :         56/   1959331 (0 permil)
[INFO: Energest  ] Radio Rx    :    1959272/   1959331 (999 permil)
[INFO: Energest  ] Radio total :    1959328/   1959331 (999 permil)
6534 1206 102 135 
6535 1206 102 135 
6535 1206 101 135 
6534 1208 101 136 
6534 1210 101 136 

6533 1210 101 136 
6532 1208 101 135 
6531 1208 101 136 
6532 1207 101 136 
6532 1209 102 137 
6534 1210 102 136 
6534 1208 102 135 
6534 1208 103 137 
6534 1208 103 136 
6534 1208 103 138 

6534 1209 102 138 
6534 1210 103 138 
6534 1209 103 139 
6535 1209 102 139 
6534 1209 103 141 
6536 1210 103 139 
6534 1210 103 140 
6534 1210 104 139 
6533 1210 104 139 
6535 1210 104 138 

6534 1209 104 139 
6534 1209 104 138 
6534 1209 104 140 
6534 1209 105 141 
6536 1210 104 140 
6536 1211 105 140 
6537 1211 104 139 
6537 1212 105 140 
6538 1212 104 140 
6538 1212 105 141 

6538 1212 104 140 
6538 1214 105 141 
6539 1214 104 140 
6538 1213 105 141 
6538 1213 104 140 
6537 1212 105 141 
6537 1211 105 141 
6536 1210 105 141 
6537 1210 104 140 
6536 1211 105 142 

[INFO: Energest  ] --- Period summary #12 (60 seconds)
[INFO: Energest  ] Total time  :    1966080
[INFO: Energest  ] CPU         :     487452/   1966080 (247 permil)
[INFO: Energest  ] LPM         :    1478628/   1966080 (752 permil)
[INFO: Energest  ] Deep LPM    :          0/   1966080 (0 permil)
[INFO: Energest  ] Radio Tx    :         56/   1966080 (0 permil)
[INFO: Energest  ] Radio Rx    :    1966020/   1966080 (999 permil)
[INFO: Energest  ] Radio total :    1966076/   1966080 (999 permil)
6536 1211 105 140 
6536 1211 104 138 
6536 1210 104 138 
6537 1208 103 140 
6536 1206 106 139 
6535 1206 104 139 
6537 1204 104 139 
6537 1205 105 140 
6538 1206 104 139 
6537 1206 103 138 

6537 1208 103 139 
6537 1208 101 139 
6538 1208 105 140 
6539 1208 104 138 
6537 1208 101 139 
6536 1208 105 139 
6537 1208 103 140 
6537 1208 104 139 
6537 1206 104 140 
6538 1204 104 139 

6539 1204 103 137 
6539 1202 103 139 
6540 1200 104 139 
6542 1199 104 139 
6542 1200 104 139 
6543 1199 103 136 
6543 1198 104 139 
6542 1198 104 139 
6543 1198 104 139 
6542 1196 103 139 

6542 1195 104 139 
6542 1194 104 139 
6542 1196 104 140 
6543 1196 105 140 
6543 1196 102 139 
6544 1198 103 140 
6544 1201 104 139 
6544 1203 105 140 
6544 1232 105 140 
6544 1262 104 139 

6545 1288 104 141 
6544 1288 104 139 
6544 1276 104 140 
6545 1268 104 140 
6545 1256 105 140 
6544 1242 104 140 
[INFO: Energest  ] --- Period summary #13 (60 seconds)
[INFO: Energest  ] Total time  :    1966080
[INFO: Energest  ] CPU         :     497719/   1966080 (253 permil)
[INFO: Energest  ] LPM         :    1468361/   1966080 (746 permil)
[INFO: Energest  ] Deep LPM    :          0/   1966080 (0 permil)
[INFO: Energest  ] Radio Tx    :         57/   1966080 (0 permil)
[INFO: Energest  ] Radio Rx    :    1966019/   1966080 (999 permil)
[INFO: Energest  ] Radio total :    1966076/   1966080 (999 permil)
6544 1233 106 141 
6543 1224 105 139 
6544 1219 105 141 
6543 1214 104 141 

6543 1210 99 134 
6543 1208 104 140 
6543 1207 107 142 
6544 1212 109 142 
6546 1214 105 142 
6546 1215 106 143 
6547 1213 107 143 
6548 1211 106 143 
6551 1210 106 142 
6552 1212 107 144 

6551 1210 107 144 
6551 1210 107 144 
6552 1210 108 146 
6552 1208 107 144 
6554 1208 107 142 
6556 1206 108 144 
6556 1204 106 144 
6557 1204 107 144 
6556 1202 108 144 
6555 1200 107 143 

6554 1198 107 144 
6554 1198 108 143 
6554 1198 107 144 
6552 1198 107 144 
6554 1198 108 145 
6552 1199 107 144 
6552 1200 107 145 
6552 1202 107 143 
6552 1201 108 143 
6550 1200 107 144 

6551 1200 107 143 
6550 1200 107 143 
6550 1200 108 143 
6550 1200 106 143 
6549 1200 104 143 
6550 1200 107 143 
6550 1200 107 143 
6550 1200 107 143 
6550 1200 107 143 
6550 1199 107 143 

6551 1199 106 144 
[INFO: Energest  ] --- Period summary #14 (60 seconds)
[INFO: Energest  ] Total time  :    1966081
[INFO: Energest  ] CPU         :     487165/   1966081 (247 permil)
[INFO: Energest  ] LPM         :    1478916/   1966081 (752 permil)
[INFO: Energest  ] Deep LPM    :          0/   1966081 (0 permil)
[INFO: Energest  ] Radio Tx    :         58/   1966081 (0 permil)
[INFO: Energest  ] Radio Rx    :    1966018/   1966081 (999 permil)
[INFO: Energest  ] Radio total :    1966076/   1966081 (999 permil)
6550 1198 108 143 
6549 1198 106 147 
6548 1199 110 149 
6550 1200 111 153 
6550 1200 118 169 
6549 1200 124 186 
6550 1200 127 195 
6550 1201 125 196 
6549 1202 129 186 

6549 1202 130 184 
6550 1203 125 188 
6549 1204 118 172 
6548 1204 113 159 
6549 1204 105 143 
6549 1203 105 142 
6549 1204 105 141 
6550 1204 105 141 
6549 1204 103 140 
6550 1204 104 140 

6550 1207 102 140 
6550 1210 103 139 
6550 1210 103 139 
6550 1211 103 138 
6551 1210 103 137 
6553 1208 102 137 
6556 1210 103 137 
6555 1209 101 137 
6555 1208 102 136 
6554 1206 101 136 

6555 1206 101 135 
6555 1204 101 135 
6555 1206 101 135 
6554 1211 101 135 
6555 1214 101 135 
6554 1215 101 135 
6556 1218 101 134 
6557 1218 102 135 
6556 1218 102 135 
6556 1217 101 135 

6555 1216 101 135 
6555 1213 102 135 
6555 1210 101 134 
6557 1209 101 134 
6559 1208 101 134 
6560 1206 100 134 
6561 1204 102 135 
[INFO: Energest  ] --- Period summary #15 (60 seconds)
[INFO: Energest  ] Total time  :    1967923
[INFO: Energest  ] CPU         :     497961/   1967923 (253 permil)
[INFO: Energest  ] LPM         :    1469962/   1967923 (746 permil)
[INFO: Energest  ] Deep LPM    :          0/   1967923 (0 permil)
[INFO: Energest  ] Radio Tx    :         58/   1967923 (0 permil)
[INFO: Energest  ] Radio Rx    :    1967861/   1967923 (999 permil)
[INFO: Energest  ] Radio total :    1967919/   1967923 (999 permil)
6561 1202 101 135 
6563 1202 101 134 
6562 1200 101 134 

6562 1198 101 135 
6560 1197 101 135 
6560 1196 100 132 
6559 1196 101 133 
6559 1196 101 134 
6558 1197 101 134 
6556 1198 101 134 
6557 1197 101 134 
6557 1197 100 134 
6558 1202 100 133 

6558 1204 99 133 
6557 1203 101 134 
6558 1200 100 133 
6558 1199 101 134 
6558 1198 96 133 
6560 1198 101 134 
6560 1198 101 134 
6560 1198 101 135 
6561 1198 100 132 
6560 1198 100 134 

6558 1198 102 134 
6559 1198 101 134 
6559 1198 100 134 
6557 1198 99 134 
6558 1200 101 134 
6558 1205 101 135 
6557 1204 102 135 
6557 1203 100 132 
6558 1202 102 134 
6560 1201 98 130 

6559 1200 110 125 
6560 1199 112 125 
6562 1204 111 125 
6564 1209 111 124 
6566 1218 112 124 
6564 1244 100 132 
6564 1251 101 134 
6564 1244 101 134 
6562 1234 101 134 
6563 1225 100 133 

6560 1218 99 132 
6560 1212 101 133 
[INFO: Energest  ] --- Period summary #16 (59 seconds)
[INFO: Energest  ] Total time  :    1964236
[INFO: Energest  ] CPU         :     487434/   1964236 (248 permil)
[INFO: Energest  ] LPM         :    1476802/   1964236 (751 permil)
[INFO: Energest  ] Deep LPM    :          0/   1964236 (0 permil)
[INFO: Energest  ] Radio Tx    :         58/   1964236 (0 permil)
[INFO: Energest  ] Radio Rx    :    1964175/   1964236 (999 permil)
[INFO: Energest  ] Radio total :    1964233/   1964236 (999 permil)
6559 1208 101 134 
6558 1205 101 134 
6559 1202 101 134 
6560 1200 101 134 
6559 1200 101 134 
6560 1199 101 135 
6559 1198 101 134 
6559 1198 100 133 

6560 1197 101 133 
6561 1196 100 133 
6562 1196 101 135 
6562 1195 100 133 
6562 1195 101 133 
6562 1194 101 135 
6562 1194 99 135 
6563 1194 100 133 
6564 1195 101 134 
6565 1196 101 134 

6566 1197 101 134 
6566 1198 102 133 
6566 1198 101 135 
6566 1198 101 134 
6567 1197 101 135 
6569 1196 101 134 
6568 1195 100 134 
6569 1194 101 135 
6570 1194 101 134 
6570 1193 101 134 

6570 1192 101 134 
6570 1192 101 134 
6570 1192 102 134 
6570 1192 101 134 
6570 1192 101 135 
6570 1191 101 135 
6570 1190 101 134 
6570 1189 99 133 
6570 1190 101 135 
6570 1190 101 134 

6570 1190 101 135 
6570 1190 101 135 
6570 1192 98 135 
6570 1191 101 135 
6571 1190 101 135 
6570 1190 101 135 
6570 1190 103 133 
6570 1190 101 135 
[INFO: Energest  ] --- Period summary #17 (60 seconds)
[INFO: Energest  ] Total time  :    1972787
[INFO: Energest  ] CPU         :     497649/   1972787 (252 permil)
[INFO: Energest  ] LPM         :    1475138/   1972787 (747 permil)
[INFO: Energest  ] Deep LPM    :          0/   1972787 (0 permil)
[INFO: Energest  ] Radio Tx    :         59/   1972787 (0 permil)
[INFO: Energest  ] Radio Rx    :    1972725/   1972787 (999 permil)
[INFO: Energest  ] Radio total :    1972784/   1972787 (999 permil)
6569 1190 101 134 
6568 1190 101 135 

6569 1190 100 134 
6567 1190 101 134 
6567 1190 101 134 
6566 1190 101 133 
6566 1190 101 135 
6565 1190 102 135 
6566 1190 102 135 
6566 1190 100 135 
6566 1189 103 135 
6567 1190 101 135 

6566 1189 102 135 
6568 1190 100 135 
6569 1189 102 135 
6569 1188 102 135 
6568 1190 102 135 
6568 1190 104 137 
6569 1190 101 135 
6569 1190 102 135 
6569 1192 102 135 
6568 1192 102 135 

6568 1192 102 135 
6568 1193 102 135 
6568 1192 102 135 
6568 1192 100 135 
6566 1192 102 135 
6567 1193 102 135 
6567 1194 100 135 
6567 1194 101 135 
6567 1194 101 135 
6566 1194 101 134 

6566 1194 102 135 
6566 1194 102 135 
6566 1194 101 135 
6567 1194 101 134 
6566 1194 102 135 
6565 1194 101 134 
6565 1194 101 134 
6565 1194 101 134 
6564 1194 100 133 
6566 1194 101 133 

6565 1194 100 132 
6566 1194 101 133 
6566 1194 101 133 
[INFO: Energest  ] --- Period summary #18 (59 seconds)
[INFO: Energest  ] Total time  :    1959373
[INFO: Energest  ] CPU         :     487455/   1959373 (248 permil)
[INFO: Energest  ] LPM         :    1471918/   1959373 (751 permil)
[INFO: Energest  ] Deep LPM    :          0/   1959373 (0 permil)
[INFO: Energest  ] Radio Tx    :         58/   1959373 (0 permil)
[INFO: Energest  ] Radio Rx    :    1959311/   1959373 (999 permil)
[INFO: Energest  ] Radio total :    1959369/   1959373 (999 permil)
6567 1193 100 132 
6567 1194 100 133 
6566 1194 101 134 
6567 1192 101 134 
6568 1192 101 134 
6569 1192 100 134 
6570 1192 100 134 

6571 1190 98 132 
6571 1190 94 128 
6572 1189 112 129 
6575 1188 98 130 
6576 1189 111 129 
6578 1189 112 128 
6578 1188 99 129 
6580 1189 99 132 
6581 1188 99 132 
6580 1188 99 132 

6581 1188 99 132 
6582 1188 99 131 
6581 1188 99 131 
6582 1187 99 131 
6583 1188 97 128 
6584 1186 98 129 
6586 1187 99 131 
6586 1187 98 129 
6586 1188 98 129 
6586 1189 99 129 

6588 1190 99 129 
6589 1190 98 130 
6588 1190 98 129 
6590 1190 98 129 
6592 1189 98 129 
6591 1190 97 128 
6591 1190 98 129 
6589 1189 98 129 
6587 1188 114 127 
6587 1187 99 129 

6585 1188 98 129 
6586 1188 98 129 
6586 1190 97 128 
6588 1190 98 128 
6590 1190 98 128 
6591 1189 98 129 
6591 1188 98 129 
6594 1186 98 130 
[INFO: Energest  ] --- Period summary #19 (60 seconds)
[INFO: Energest  ] Total time  :    1966080
[INFO: Energest  ] CPU         :     487203/   1966080 (247 permil)
[INFO: Energest  ] LPM         :    1478877/   1966080 (752 permil)
[INFO: Energest  ] Deep LPM    :          0/   1966080 (0 permil)
[INFO: Energest  ] Radio Tx    :         57/   1966080 (0 permil)
[INFO: Energest  ] Radio Rx    :    1966019/   1966080 (999 permil)
[INFO: Energest  ] Radio total :    1966076/   1966080 (999 permil)
6593 1184 97 129 
6596 1183 97 129 

6596 1182 99 128 
6594 1183 99 130 
6594 1184 97 128 
6593 1186 109 123 
6594 1187 112 125 
6594 1188 111 124 
6595 1186 110 124 
6594 1186 110 124 
6595 1187 111 122 
6595 1188 113 129 

6597 1188 107 119 
6595 1189 110 124 
6594 1190 111 124 
6595 1190 111 124 
6594 1190 104 113 
6595 1188 97 129 
6597 1188 97 128 
6598 1189 97 128 
6598 1188 114 130 
6597 1200 113 129 

6598 1216 97 128 
6598 1223 99 130 
6595 1216 97 126 
6595 1208 113 130 
6594 1202 97 128 
6593 1196 97 128 
6593 1193 95 127 
6592 1190 115 130 
6590 1188 98 128 
6590 1186 114 128 

6590 1186 114 130 
6589 1186 113 130 
6588 1186 97 128 
6587 1186 111 124 
6588 1186 111 124 
6588 1186 114 127 
6590 1185 98 129 
6591 1185 97 128 
6591 1185 94 128 
6593 1185 113 127 

6593 1185 113 130 
6594 1184 114 127 
6596 1184 113 128 
6597 1184 97 128 
[INFO: Energest  ] --- Period summary #20 (60 seconds)
[INFO: Energest  ] Total time  :    1966080
[INFO: Energest  ] CPU         :     499249/   1966080 (253 permil)
[INFO: Energest  ] LPM         :    1466831/   1966080 (746 permil)
[INFO: Energest  ] Deep LPM    :          0/   1966080 (0 permil)
[INFO: Energest  ] Radio Tx    :         58/   1966080 (0 permil)
[INFO: Energest  ] Radio Rx    :    1966018/   1966080 (999 permil)
[INFO: Energest  ] Radio total :    1966076/   1966080 (999 permil)
6598 1185 114 127 
6597 1183 97 128 
6594 1176 98 129 
6593 1158 110 126 
6589 1138 98 131 
6587 1124 109 126 

6588 1119 108 126 
6588 1122 109 129 
6581 1104 98 132 
6564 1044 94 129 
6550 992 98 131 
6543 953 99 132 
6534 926 110 130 
6522 902 98 130 
6506 875 98 132 
6502 848 95 126 

6500 829 99 132 
6497 818 100 133 
6494 820 100 133 
6495 835 100 133 
6494 841 100 133 
6485 834 100 133 
6480 838 100 133 
6476 845 100 132 
6461 840 100 133 
6452 842 100 133 

6448 861 100 133 
6436 866 100 133 
6422 857 100 133 
6411 846 100 133 
6407 846 98 134 
6407 851 99 133 
6408 860 101 135 
6408 874 102 134 
6410 888 100 133 
6410 902 100 135 

6410 916 94 130 
6412 930 94 130 
6414 947 94 131 
6413 956 94 130 
6408 940 97 134 
6406 926 98 135 
6403 924 96 133 
6393 920 98 135 
6376 908 97 137 
6390 1267 116 173 
6390 1269 115 167 
6392 1272 114 167 
6391 1275 112 165 
6392 1285 114 167 
6392 1306 113 164 

6393 1312 111 164 
6395 1308 112 163 
6396 1302 111 163 
6398 1296 112 161 
6400 1290 112 159 
6401 1287 111 161 
6403 1284 110 160 
6406 1282 110 159 
6406 1279 108 159 
6408 1276 107 158 

6410 1272 111 157 
6412 1272 109 156 
6415 1271 108 156 
6416 1272 107 155 
6419 1273 108 154 
6422 1274 106 153 
6425 1274 107 153 
6426 1274 105 149 
6428 1272 107 152 
6431 1272 106 153 

6432 1276 106 152 
6433 1280 107 151 
6436 1280 106 150 
6437 1279 107 151 
6438 1276 104 150 
6440 1272 106 147 
6444 1270 106 149 
6444 1270 105 149 
6445 1270 106 149 
6447 1270 105 149 

6448 1270 104 145 
6450 1269 105 148 
6452 1268 103 146 
6455 1266 103 146 
6455 1292 101 141 
6454 1326 102 143 
[INFO: Energest  ] --- Period summary #72 (59 seconds)
[INFO: Energest  ] Total time  :    1964237
[INFO: Energest  ] CPU         :     487308/   1964237 (248 permil)
[INFO: Energest  ] LPM         :    1476929/   1964237 (751 permil)
[INFO: Energest  ] Deep LPM    :          0/   1964237 (0 permil)
[INFO: Energest  ] Radio Tx    :         58/   1964237 (0 permil)
[INFO: Energest  ] Radio Rx    :    1964175/   1964237 (999 permil)
[INFO: Energest  ] Radio total :    1964233/   1964237 (999 permil)
6457 1346 101 144 
6458 1360 101 144 
6460 1362 101 143 
6460 1360 101 142 

6462 1355 101 142 
6463 1340 101 141 
6464 1319 99 142 
6464 1304 99 140 
6468 1294 99 140 
6470 1288 100 141 
6471 1282 100 142 
6473 1280 101 143 
6474 1310 101 143 
6475 1354 101 143 

6476 1399 101 142 
6477 1442 100 142 
6478 1470 101 143 
6479 1511 103 143 
6481 1548 101 142 
6482 1561 101 140 
6483 1563 99 140 
6482 1559 98 140 
6484 1558 98 141 
6486 1568 100 141 

6487 1559 98 141 
6488 1549 100 141 
6489 1547 101 142 
6490 1529 100 142 
6492 1518 101 142 
6492 1496 101 143 
6492 1464 101 143 
6494 1427 101 144 
6496 1396 102 144 
6497 1369 102 144 

6498 1344 102 144 
6500 1324 101 144 
6502 1308 103 145 
6503 1298 103 145 
6505 1298 103 146 
6504 1294 105 145 
6505 1279 101 147 
6504 1265 104 147 
6505 1259 105 148 
6504 1266 106 149 

6505 1270 105 149 
6507 1266 106 149 
[INFO: Energest  ] --- Period summary #73 (60 seconds)
[INFO: Energest  ] Total time  :    1972790
[INFO: Energest  ] CPU         :     498368/   1972790 (252 permil)
[INFO: Energest  ] LPM         :    1474422/   1972790 (747 permil)
[INFO: Energest  ] Deep LPM    :          0/   1972790 (0 permil)
[INFO: Energest  ] Radio Tx    :         87/   1972790 (0 permil)
[INFO: Energest  ] Radio Rx    :    1972700/   1972790 (999 permil)
[INFO: Energest  ] Radio total :    1972787/   1972790 (999 permil)
6508 1262 106 150 
6508 1270 106 151 
6508 1269 106 150 
6509 1262 107 151 
6508 1254 107 151 
6509 1244 107 151 
6510 1234 107 152 
6512 1227 107 151 

6513 1226 107 151 
6515 1224 107 151 
6517 1223 108 153 
6517 1228 108 153 
6518 1233 106 152 
6518 1230 108 152 
6518 1223 109 153 
6518 1218 108 152 
6518 1227 107 152 
6519 1240 107 151 

6520 1254 108 153 
6520 1248 108 149 
6521 1236 108 153 
6522 1223 108 153 
6523 1215 107 152 
6523 1208 107 151 
6523 1203 107 152 
6524 1200 107 151 
6524 1197 108 152 
6524 1194 107 150 

6524 1190 107 151 
6524 1188 106 151 
6525 1186 106 151 
6526 1184 107 151 
6525 1183 105 148 
6525 1196 105 147 
6524 1228 103 144 
6524 1240 98 142 
6522 1290 102 143 
6523 1346 102 142 

6525 1384 102 142 
6527 1400 100 142 
6526 1416 101 142 
6527 1436 102 144 
6528 1467 101 142 
6527 1479 100 140 
6528 1490 100 139 
[INFO: Energest  ] --- Period summary #74 (59 seconds)
[INFO: Energest  ] Total time  :    1959371
[INFO: Energest  ] CPU         :     487192/   1959371 (248 permil)
[INFO: Energest  ] LPM         :    1472179/   1959371 (751 permil)
[INFO: Energest  ] Deep LPM    :          0/   1959371 (0 permil)
[INFO: Energest  ] Radio Tx    :         56/   1959371 (0 permil)
[INFO: Energest  ] Radio Rx    :    1959310/   1959371 (999 permil)
[INFO: Energest  ] Radio total :    1959366/   1959371 (999 permil)
6528 1518 101 141 
6528 1490 101 141 
6529 1432 101 140 

6528 1376 100 139 
6530 1334 100 139 
6529 1302 100 139 
6531 1274 99 138 
6532 1256 99 138 
6534 1242 99 141 
6536 1233 100 139 
6536 1225 98 139 
6538 1217 99 139 
6538 1212 100 139 

6540 1210 99 138 
6540 1208 99 137 
6543 1206 99 139 
6542 1202 99 140 
6542 1198 99 137 
6542 1194 99 138 
6543 1190 99 138 
6542 1190 99 139 
6544 1189 101 138 
6543 1188 98 139 

6544 1200 99 138 
6544 1239 97 139 
6545 1256 99 142 
6546 1280 99 139 
6546 1307 100 139 
6546 1310 99 139 
6548 1318 100 139 
6548 1335 100 139 
6548 1342 101 140 
6550 1358 100 139 

6550 1376 99 140 
6550 1392 102 140 
6550 1395 100 140 
6550 1396 99 140 
6552 1391 99 140 
6553 1388 100 140 
6552 1388 98 140 
6552 1392 100 140 
6552 1400 100 140 
6553 1411 101 141 

6553 1404 102 141 
6554 1386 100 140 
[INFO: Energest  ] --- Period summary #75 (59 seconds)
[INFO: Energest  ] Total time  :    1966079
[INFO: Energest  ] CPU         :     486828/   1966079 (247 permil)
[INFO: Energest  ] LPM         :    1479251/   1966079 (752 permil)
[INFO: Energest  ] Deep LPM    :          0/   1966079 (0 permil)
[INFO: Energest  ] Radio Tx    :         28/   1966079 (0 permil)
[INFO: Energest  ] Radio Rx    :    1966050/   1966079 (999 permil)
[INFO: Energest  ] Radio total :    1966078/   1966079 (999 permil)
6555 1389 100 140 
6556 1383 101 139 
6555 1376 101 141 
6557 1389 101 141 
6557 1397 101 140 
6557 1404 102 141 
6556 1370 102 141 
6558 1328 102 142 

6557 1294 101 143 
6557 1266 102 141 
6557 1244 103 142 
6558 1230 102 142 
6560 1222 102 138 
6562 1216 102 143 
6563 1212 106 150 
6563 1208 107 151 
6564 1202 107 151 
6564 1194 107 151 

6566 1190 107 152 
6567 1186 106 150 
6568 1185 107 151 
6569 1193 107 152 
6569 1238 105 151 
6569 1266 107 152 
6568 1271 107 152 
6568 1274 107 151 
6568 1290 107 150 
6566 1293 107 152 

6566 1296 108 151 
6567 1315 107 152 
6569 1330 107 151 
6568 1326 106 151 
6568 1307 107 150 
6569 1298 107 151 
6568 1288 107 151 
6568 1282 106 152 
6570 1280 107 151 
6570 1282 107 151 

6572 1276 106 150 
6573 1262 106 150 
6572 1246 106 149 
6573 1238 106 150 
6573 1234 106 150 
6574 1225 105 149 
6575 1220 106 149 
6576 1216 105 149 
[INFO: Energest  ] --- Period summary #76 (60 seconds)
[INFO: Energest  ] Total time  :    1966080
[INFO: Energest  ] CPU         :     497735/   1966080 (253 permil)
[INFO: Energest  ] LPM         :    1468345/   1966080 (746 permil)
[INFO: Energest  ] Deep LPM    :          0/   1966080 (0 permil)
[INFO: Energest  ] Radio Tx    :         56/   1966080 (0 permil)
[INFO: Energest  ] Radio Rx    :    1966020/   1966080 (999 permil)
[INFO: Energest  ] Radio total :    1966076/   1966080 (999 permil)
6577 1207 105 149 
6577 1198 105 149 

6578 1191 106 150 
6579 1185 106 149 
6580 1180 105 149 
6582 1177 106 150 
6581 1177 105 149 
6584 1173 105 148 
6584 1172 106 149 
6583 1172 106 149 
6585 1174 106 149 
6586 1175 106 151 

6586 1172 105 151 
6587 1178 107 151 
6586 1184 106 152 
6587 1194 107 154 
6585 1196 108 154 
6584 1190 109 155 
6585 1196 109 157 
6584 1212 109 156 
6585 1215 110 161 
6586 1216 111 159 

6586 1223 110 160 
6584 1224 112 164 
6583 1216 111 162 
6584 1222 113 164 
6583 1223 114 165 
6582 1224 114 165 
6583 1223 115 167 
6583 1219 115 166 
6583 1221 116 167 
6583 1222 117 168 

6583 1222 113 167 
6582 1226 116 169 
6582 1219 117 170 
6584 1212 117 170 
6584 1212 117 170 
6585 1216 117 170 
6586 1224 117 170 
6587 1220 117 171 
6586 1214 117 171 
6587 1209 119 173 

6588 1199 121 180 
6588 1190 122 183 
6589 1182 120 175 
[INFO: Energest  ] --- Period summary #77 (60 seconds)
[INFO: Energest  ] Total time  :    1966080
[INFO: Energest  ] CPU         :     487153/   1966080 (247 permil)
[INFO: Energest  ] LPM         :    1478927/   1966080 (752 permil)
[INFO: Energest  ] Deep LPM    :          0/   1966080 (0 permil)
[INFO: Energest  ] Radio Tx    :         58/   1966080 (0 permil)
[INFO: Energest  ] Radio Rx    :    1966018/   1966080 (999 permil)
[INFO: Energest  ] Radio total :    1966076/   1966080 (999 permil)
6590 1176 117 170 
6590 1169 117 170 
6591 1166 117 168 
6590 1166 116 168 
6592 1166 115 168 
6592 1163 116 167 
6595 1162 115 166 

6595 1161 115 167 
6596 1158 116 166 
6596 1154 115 170 
6597 1152 115 168 
6597 1149 115 167 
6598 1148 116 167 
6600 1172 116 167 
6599 1196 115 166 
6599 1201 115 166 
6599 1206 115 165 

6598 1207 112 165 
6597 1206 114 164 
6597 1216 114 165 
6596 1221 113 163 
6595 1223 112 162 
6594 1230 112 161 
6593 1228 112 161 
6593 1232 113 160 
6593 1238 110 159 
6592 1236 111 159 

6593 1242 111 158 
6595 1249 110 158 
6594 1262 111 158 
6594 1268 109 157 
6594 1265 108 154 
6595 1264 108 156 
6594 1266 108 154 
6594 1267 108 153 
6595 1265 109 155 
6594 1272 108 153 

6596 1274 107 152 
6595 1270 107 153 
6594 1271 106 152 
6596 1270 106 152 
6595 1280 107 152 
6595 1276 105 149 
6596 1258 106 151 
6593 1240 104 150 
6592 1224 106 151 
[INFO: Energest  ] --- Period summary #78 (60 seconds)
[INFO: Energest  ] Total time  :    1967925
[INFO: Energest  ] CPU         :     497866/   1967925 (252 permil)
[INFO: Energest  ] LPM         :    1470059/   1967925 (747 permil)
[INFO: Energest  ] Deep LPM    :          0/   1967925 (0 permil)
[INFO: Energest  ] Radio Tx    :         57/   1967925 (0 permil)
[INFO: Energest  ] Radio Rx    :    1967864/   1967925 (999 permil)
[INFO: Energest  ] Radio total :    1967921/   1967925 (999 permil)
6594 1222 107 151 

6594 1224 106 151 
6594 1224 107 150 
6595 1221 106 150 
6597 1218 106 151 
6597 1212 106 152 
6598 1223 103 151 
6598 1224 106 152 
6598 1221 106 151 
6598 1222 105 153 
6598 1232 109 153 

6601 1249 109 153 
6602 1254 108 153 
6602 1242 105 154 
6604 1228 109 155 
6604 1215 108 155 
6607 1204 109 156 
6608 1196 111 156 
6608 1191 110 157 
6610 1194 111 157 
6610 1201 109 155 

6610 1220 112 158 
6609 1240 111 157 
6610 1274 111 159 
6611 1299 108 158 
6610 1300 111 158 
6610 1299 111 158 
6609 1289 111 159 
6609 1276 113 161 
6609 1267 113 162 
6612 1262 113 163 

6612 1247 113 163 
6610 1227 113 163 
6610 1209 113 163 
6610 1194 112 163 
6610 1182 113 164 
6611 1177 113 163 
6612 1174 113 164 
6612 1182 114 164 
6610 1179 113 163 
6610 1172 113 163 

6612 1173 113 163 
6611 1178 113 164 
6612 1180 113 163 
6615 1182 111 163 
[INFO: Energest  ] --- Period summary #79 (59 seconds)
[INFO: Energest  ] Total time  :    1964235
[INFO: Energest  ] CPU         :     488436/   1964235 (248 permil)
[INFO: Energest  ] LPM         :    1475799/   1964235 (751 permil)
[INFO: Energest  ] Deep LPM    :          0/   1964235 (0 permil)
[INFO: Energest  ] Radio Tx    :         86/   1964235 (0 permil)
[INFO: Energest  ] Radio Rx    :    1964143/   1964235 (999 permil)
[INFO: Energest  ] Radio total :    1964229/   1964235 (999 permil)
6616 1182 113 163 
6617 1184 113 163 
6619 1185 112 163 
6619 1181 113 162 
6619 1172 111 162 
6619 1167 112 161 

6621 1165 111 162 
6623 1163 112 164 
6624 1161 112 164 
6624 1167 112 166 
6624 1166 113 167 
6626 1160 113 166 
