6847 880 103 115 
6876 813 97 108 
6847 872 101 114 
6878 812 96 108 
6847 866 101 113 
6878 811 97 109 
6847 860 102 115 
6879 810 91 129 
6847 860 107 123 
6879 808 92 126 
6847 863 104 117 
6878 804 90 103 
6849 864 98 105 
6878 802 103 124 
6847 868 108 125 
6878 804 94 128 
6844 878 108 124 
6878 808 89 124 
6842 884 108 124 
6877 808 106 126 
6843 883 108 124 
6876 806 106 125 
6843 880 109 125 
6877 804 105 127 
6843 871 110 127 
6876 802 104 124 
6843 863 110 127 
6876 800 104 123 
6843 855 112 128 
6876 797 103 124 
6842 848 110 127 
6877 796 103 124 
6842 841 109 127 
6875 794 105 126 
6842 834 92 128 
6874 791 102 118 
6842 830 109 125 
6872 789 99 115 
6841 826 109 121 
6872 786 96 108 
6841 823 104 116 
6871 786 92 103 
6842 823 98 105 
6870 792 91 102 
6843 844 97 103 
6867 826 92 104 
6840 872 98 105 
6866 843 93 105 
6841 888 98 106 
6867 846 93 105 
6840 905 103 116 
6868 846 100 116 
6838 920 109 129 
6867 862 94 132 
6836 914 109 128 
6866 862 94 133 
6835 903 94 129 
6866 856 94 133 
6835 892 109 129 
6869 846 94 132 
6835 879 109 127 
6869 836 94 134 
6836 867 94 128 
6869 826 96 133 
6836 856 94 129 
6870 818 93 133 
6869 812 93 133 
6837 850 110 129 
6838 844 109 129 
6870 808 93 132 
[INFO: Energest  ] --- Period summary #0 (59 seconds)
[INFO: Energest  ] Total time  :    1965876
[INFO: Energest  ] CPU         :      74941/   1965876 (38 permil)
[INFO: Energest  ] LPM         :    1890935/   1965876 (961 permil)
[INFO: Energest  ] Deep LPM    :          0/   1965876 (0 permil)
[INFO: Energest  ] Radio Tx    :       5545/   1965876 (2 permil)
[INFO: Energest  ] Radio Rx    :    1960205/   1965876 (997 permil)
[INFO: Energest  ] Radio total :    1965750/   1965876 (999 permil)
6870 804 91 132 
6838 840 94 128 
6870 801 94 133 
6839 834 109 127 
6870 798 106 126 
6840 831 108 125 
6871 797 92 102 
6837 826 97 106 
6870 808 92 104 
6834 828 95 104 
6869 816 94 104 
6830 842 98 107 
6867 824 92 105 
6830 892 97 107 
6867 834 90 100 
6832 935 98 106 
6866 854 89 100 
6831 951 96 101 
6864 864 90 98 
6832 949 95 102 
6866 884 88 98 
6835 940 95 102 
6868 906 88 97 
6836 933 95 102 
6868 908 88 97 
6839 928 96 102 
6868 895 88 97 
6840 924 95 101 
6869 878 88 96 
6841 920 95 101 
6870 868 89 98 
6842 912 109 125 
6870 858 92 129 
6841 907 110 128 
6870 851 91 129 
6840 906 110 127 
6871 845 91 131 
6841 898 112 127 
6870 837 91 128 
6840 887 110 127 
6869 826 91 129 
6840 876 107 127 
6867 817 92 128 
6840 865 108 124 
6867 810 106 127 
6840 858 108 123 
6868 804 88 127 
6840 852 107 123 
6869 802 107 126 
6840 844 109 126 
6868 799 103 124 
6841 838 103 115 
6866 797 99 113 
6841 834 99 108 
6863 806 92 99 
6840 852 101 111 
6863 826 92 100 
6837 882 99 109 
6862 842 90 101 
6839 898 99 107 
6861 844 90 101 
6840 900 99 108 
6861 838 90 100 
6842 902 99 109 
6863 832 92 101 
6842 902 101 113 
6864 828 93 106 
6843 892 101 110 
6864 826 91 101 
6844 882 101 110 
6865 829 89 100 
6844 872 100 108 
6864 830 90 100 
6844 860 100 109 
6863 828 90 100 
6846 852 100 109 
6864 828 90 100 
6845 844 100 109 
6865 826 91 100 
6847 838 102 111 
6864 824 93 103 
6866 822 103 121 
6848 832 106 122 
6866 816 103 121 
6848 827 108 122 
6865 812 101 120 
6846 821 105 121 
6864 810 99 120 
6846 814 107 121 
6864 808 99 113 
6846 810 103 115 
[INFO: Energest  ] --- Period summary #1 (60 seconds)
[INFO: Energest  ] Total time  :    1966080
[INFO: Energest  ] CPU         :      91151/   1966080 (46 permil)
[INFO: Energest  ] LPM         :    1874929/   1966080 (953 permil)
[INFO: Energest  ] Deep LPM    :          0/   1966080 (0 permil)
[INFO: Energest  ] Radio Tx    :       6461/   1966080 (3 permil)
[INFO: Energest  ] Radio Rx    :    1959470/   1966080 (996 permil)
[INFO: Energest  ] Radio total :    1965931/   1966080 (999 permil)
6864 806 93 105 
6844 810 100 109 
6862 806 93 103 
6841 815 101 111 
6859 803 91 101 
6840 818 100 109 
6858 808 91 103 
6840 830 101 110 
6857 844 95 105 
6840 860 98 111 
6855 872 90 99 
6841 877 97 109 
6855 899 90 100 
6841 882 99 107 
6854 902 90 99 
6841 874 95 105 
6856 900 87 98 
6842 863 99 105 
6859 906 89 98 
6841 863 99 107 
6862 918 90 98 
6842 860 100 107 
6865 924 89 98 
6840 873 99 107 
6867 923 89 98 
6841 910 99 107 
6869 924 89 98 
6841 932 98 106 
6870 936 89 98 
6842 934 98 105 
6871 936 89 99 
6840 954 103 111 
6872 940 97 111 
6838 958 105 119 
6871 942 102 119 
6838 950 106 123 
6869 924 102 119 
6838 935 106 121 
6870 906 101 117 
6838 916 104 120 
6870 891 102 118 
6836 892 104 117 
6870 876 94 107 
6836 874 98 107 
6870 862 89 97 
6836 862 97 104 
6871 852 91 99 
6836 853 96 104 
6871 858 90 99 
6836 845 99 106 
6871 884 89 100 
6837 842 98 106 
6872 888 89 98 
6838 842 98 107 
6874 893 91 100 
6837 840 98 105 
6875 898 90 99 
6838 842 99 106 
6876 900 90 100 
6838 842 98 107 
6877 894 90 101 
6838 842 99 109 
6877 880 91 97 
6839 836 106 121 
6878 869 102 121 
6838 829 92 129 
6879 859 103 127 
6838 824 92 129 
6880 852 104 127 
6838 820 92 129 
6879 842 104 129 
6838 818 93 129 
6879 832 104 128 
6837 818 89 129 
6878 824 89 126 
6836 815 91 128 
6878 815 105 127 
6835 812 91 128 
6872 808 104 127 
6868 804 104 127 
6835 810 108 130 
6865 800 104 128 
6832 810 91 129 
6862 798 104 128 
6831 808 92 126 
6861 797 89 128 
6831 806 94 129 
6860 794 105 128 
6830 804 92 128 
6862 795 89 127 
6830 802 91 129 
[INFO: Energest  ] --- Period summary #2 (60 seconds)
[INFO: Energest  ] Total time  :    1966080
[INFO: Energest  ] CPU         :      92099/   1966080 (46 permil)
[INFO: Energest  ] LPM         :    1873981/   1966080 (953 permil)
[INFO: Energest  ] Deep LPM    :          0/   1966080 (0 permil)
[INFO: Energest  ] Radio Tx    :       6427/   1966080 (3 permil)
[INFO: Energest  ] Radio Rx    :    1959505/   1966080 (996 permil)
[INFO: Energest  ] Radio total :    1965932/   1966080 (999 permil)
6862 794 91 129 
6829 801 93 129 
6862 793 88 126 
6829 800 90 129 
6864 792 89 129 
6831 802 92 129 
6865 791 89 127 
6829 802 91 132 
6864 790 90 130 
6829 802 93 132 
6864 790 90 130 
6830 804 93 132 
6865 790 88 129 
6832 805 93 133 
6866 790 90 130 
6831 806 92 131 
6867 790 90 129 
6832 807 93 132 
6867 790 89 128 
6833 807 92 131 
6868 790 87 127 
6834 806 92 131 
6866 791 89 127 
6833 806 91 129 
6866 792 103 125 
6833 808 108 127 
6865 792 101 120 
6832 808 105 119 
6867 792 92 102 
6833 808 100 109 
6868 792 93 104 
6832 816 100 108 
6866 799 92 103 
6831 846 101 111 
6866 807 92 105 
6832 866 100 110 
6867 825 91 102 
6833 878 100 110 
6868 850 90 101 
6833 888 98 108 
6871 878 91 101 
6834 900 97 108 
6870 888 90 100 
6835 912 99 110 
6870 882 89 100 
6837 916 99 108 
6872 878 90 100 
6838 912 100 109 
6872 869 91 102 
6838 901 104 118 
6872 858 93 106 
6839 890 101 113 
6871 854 90 100 
6840 876 101 113 
6871 851 91 103 
6840 866 102 117 
6872 852 91 103 
6840 858 100 114 
6873 846 91 101 
6842 850 102 114 
6874 842 91 101 
6842 842 102 115 
6875 840 90 101 
6843 834 102 116 
6875 835 91 101 
6844 827 102 115 
6874 826 91 101 
6844 822 102 114 
6874 822 90 100 
6876 818 89 100 
6844 828 101 113 
6878 816 89 98 
6844 842 101 112 
6878 814 92 102 
6845 846 101 112 
6878 811 91 101 
6845 842 99 111 
6878 810 90 100 
6845 834 102 113 
6879 809 89 99 
6845 827 100 109 
6879 810 87 96 
6845 820 101 109 
6881 810 89 98 
6846 826 101 109 
6884 812 91 98 
6844 854 103 113 
6884 816 95 107 
6842 864 103 115 
6886 824 100 116 
6841 864 107 122 
6886 824 101 119 
[INFO: Energest  ] --- Period summary #3 (60 seconds)
[INFO: Energest  ] Total time  :    1966082
[INFO: Energest  ] CPU         :      89411/   1966082 (45 permil)
[INFO: Energest  ] LPM         :    1876671/   1966082 (954 permil)
[INFO: Energest  ] Deep LPM    :          0/   1966082 (0 permil)
[INFO: Energest  ] Radio Tx    :       6374/   1966082 (3 permil)
[INFO: Energest  ] Radio Rx    :    1959570/   1966082 (996 permil)
[INFO: Energest  ] Radio total :    1965944/   1966082 (999 permil)
6842 868 106 122 
6886 819 101 119 
6840 862 108 122 
6884 813 101 118 
6841 853 106 123 
6884 808 101 120 
6841 844 109 124 
6884 804 102 119 
6840 834 108 125 
6884 802 104 122 
6841 827 109 125 
6884 798 103 123 
6840 821 110 127 
6884 796 104 122 
6840 816 110 127 
6884 796 105 125 
6840 810 109 128 
6882 791 104 123 
6838 806 108 122 
6880 787 103 121 
6837 802 100 109 
6880 784 94 105 
6838 798 101 111 
6877 781 93 103 
6836 796 99 111 
6876 778 93 105 
6833 795 102 113 
6874 778 103 122 
6834 794 108 123 
6873 778 92 130 
6834 795 108 122 
6872 778 92 130 
6835 796 107 123 
6872 779 92 131 
6834 794 108 122 
6873 780 93 130 
6834 794 106 122 
6873 782 93 131 
6833 794 107 122 
6874 783 92 129 
6833 794 107 122 
6874 784 90 128 
6833 794 106 121 
6875 786 91 127 
6832 794 107 121 
6875 786 107 129 
6832 796 105 121 
6876 786 91 126 
6831 797 106 119 
6877 786 107 124 
6832 798 106 120 
6877 786 106 126 
6832 800 107 121 
6878 787 107 126 
6832 799 106 121 
6877 787 105 127 
6832 800 107 123 
6877 785 102 124 
6834 800 108 123 
6877 786 106 124 
6831 800 108 123 
6877 786 105 123 
6831 798 108 121 
6876 784 104 122 
6873 782 105 121 
6830 798 110 126 
6873 782 103 123 
6830 798 110 127 
6871 781 103 123 
6828 797 110 124 
6868 780 105 124 
6826 798 110 125 
6866 781 107 125 
6826 799 110 127 
6865 782 106 125 
6824 800 109 126 
6866 782 107 128 
6824 800 107 124 
6863 784 106 127 
6822 802 108 124 
6863 784 105 128 
6820 802 109 124 
6862 785 108 128 
6821 802 108 124 
6862 786 107 129 
6820 802 109 124 
6861 786 108 127 
6820 804 107 123 
6861 786 91 128 
6819 804 107 123 
[INFO: Energest  ] --- Period summary #4 (60 seconds)
[INFO: Energest  ] Total time  :    1966080
[INFO: Energest  ] CPU         :      84090/   1966080 (42 permil)
[INFO: Energest  ] LPM         :    1881990/   1966080 (957 permil)
[INFO: Energest  ] Deep LPM    :          0/   1966080 (0 permil)
[INFO: Energest  ] Radio Tx    :       6338/   1966080 (3 permil)
[INFO: Energest  ] Radio Rx    :    1959611/   1966080 (996 permil)
[INFO: Energest  ] Radio total :    1965949/   1966080 (999 permil)
6860 786 107 127 
6819 804 107 123 
6860 788 104 125 
6819 805 110 121 
6859 788 105 126 
6818 806 107 121 
6861 790 99 112 
6820 807 109 125 
6860 790 105 125 
6820 807 108 124 
6857 790 105 125 
6817 809 108 123 
6856 792 104 124 
6815 810 106 123 
6855 792 102 117 
6815 810 105 118 
6856 791 98 113 
6815 810 103 115 
6855 792 98 114 
6815 813 101 116 
6855 802 97 111 
6815 825 106 114 
6857 818 97 111 
6816 828 102 114 
6857 826 96 108 
6816 828 101 111 
6859 834 98 113 
6819 827 107 121 
6859 832 104 122 
6819 831 106 121 
6858 824 103 122 
6820 834 106 120 
6857 816 103 120 
6820 833 106 120 
6858 810 103 121 
6820 829 106 121 
6858 806 103 122 
6821 825 106 118 
6858 801 102 120 
6821 822 106 121 
6858 798 101 118 
6820 820 105 122 
6857 794 102 118 
6818 816 103 116 
6856 792 92 105 
6820 813 103 115 
6858 792 94 105 
6820 812 105 116 
6860 792 99 113 
6819 809 104 115 
6861 792 96 108 
6820 808 102 112 
6862 792 92 102 
6821 808 103 113 
6864 792 92 103 
6821 810 104 113 
6865 792 93 101 
6864 798 92 102 
6822 816 102 111 
6865 808 93 103 
6823 820 102 113 
6865 819 93 102 
6824 828 103 113 
6865 837 93 103 
6822 840 102 114 
6864 856 92 104 
6823 862 101 113 
6864 856 91 101 
6824 869 102 112 
6863 848 101 121 
6826 866 109 125 
6862 839 103 122 
6825 862 108 123 
6862 830 104 122 
6826 855 108 123 
6862 824 104 122 
6826 850 108 123 
6862 818 106 125 
6828 846 108 123 
6862 815 105 124 
6829 844 107 123 
6864 812 105 125 
6829 842 106 122 
6863 808 104 124 
6828 839 107 121 
6865 806 105 124 
6827 836 105 120 
6864 804 105 123 
6829 836 106 119 
6865 802 104 122 
6830 833 105 120 
6866 799 105 124 
[INFO: Energest  ] --- Period summary #5 (59 seconds)
[INFO: Energest  ] Total time  :    1966077
[INFO: Energest  ] CPU         :      85822/   1966077 (43 permil)
[INFO: Energest  ] LPM         :    1880255/   1966077 (956 permil)
[INFO: Energest  ] Deep LPM    :          0/   1966077 (0 permil)
[INFO: Energest  ] Radio Tx    :       6413/   1966077 (3 permil)
[INFO: Energest  ] Radio Rx    :    1959504/   1966077 (996 permil)
[INFO: Energest  ] Radio total :    1965917/   1966077 (999 permil)
6830 830 107 121 
6866 796 106 123 
6830 826 106 121 
6864 796 100 116 
6831 822 103 115 
6864 794 89 99 
6830 820 96 102 
6863 796 89 98 
6830 816 96 104 
6860 818 99 114 
6829 829 106 118 
6859 839 102 119 
6828 840 106 120 
6857 853 102 119 
6827 842 106 120 
6858 855 102 117 
6826 841 106 120 
6858 850 101 118 
6827 840 106 120 
6859 842 101 117 
6827 836 106 121 
6859 832 101 118 
6828 833 106 121 
6859 824 102 118 
6828 829 106 120 
6860 820 99 118 
6829 825 107 120 
6861 817 102 119 
6828 823 107 121 
6862 814 102 118 
6828 822 107 121 
6861 809 102 119 
6829 819 107 121 
6862 806 100 118 
6829 819 106 121 
6863 803 102 119 
6829 818 107 121 
6862 802 103 121 
6830 816 107 121 
6864 801 101 120 
6830 814 107 121 
6862 796 102 119 
6830 813 107 121 
6862 794 102 119 
6859 792 102 119 
6828 811 106 120 
6827 810 106 119 
6858 791 102 120 
6857 790 102 119 
6827 810 106 120 
6857 790 103 117 
6828 810 106 120 
6827 808 106 120 
6858 791 102 119 
6857 792 102 120 
6827 808 105 120 
6859 793 102 119 
6827 808 109 120 
6860 793 99 118 
6827 810 103 121 
6860 794 101 119 
6826 810 107 121 
6860 794 101 118 
6828 809 107 123 
6860 794 104 118 
6827 809 107 122 
6860 793 101 118 
6826 810 107 122 
6861 794 100 117 
6826 810 108 123 
6861 794 102 118 
6827 810 107 123 
6862 792 101 118 
6826 810 108 123 
6862 794 102 116 
6827 808 107 122 
6863 794 102 118 
6826 809 107 124 
6863 794 102 117 
6827 809 109 124 
6864 794 102 121 
6826 810 108 123 
6864 793 103 120 
6827 810 108 123 
6864 794 102 121 
6827 810 108 123 
6865 794 103 122 
6826 810 107 123 
6864 794 104 121 
6827 810 107 122 
6864 794 104 122 
[INFO: Energest  ] --- Period summary #6 (60 seconds)
[INFO: Energest  ] Total time  :    1966080
[INFO: Energest  ] CPU         :      83003/   1966080 (42 permil)
[INFO: Energest  ] LPM         :    1883077/   1966080 (957 permil)
[INFO: Energest  ] Deep LPM    :          0/   1966080 (0 permil)
[INFO: Energest  ] Radio Tx    :       6323/   1966080 (3 permil)
[INFO: Energest  ] Radio Rx    :    1959612/   1966080 (996 permil)
[INFO: Energest  ] Radio total :    1965935/   1966080 (999 permil)
6826 808 107 121 
6864 794 96 107 
6826 810 96 102 
6865 794 89 96 
6825 810 97 103 
6866 794 85 92 
6823 826 96 101 
6867 806 87 95 
6822 860 96 102 
6867 834 86 93 
6824 886 96 102 
6869 864 87 94 
6824 896 96 101 
6871 880 86 92 
6823 895 97 106 
6873 880 87 95 
6824 903 96 101 
6875 869 86 92 
6824 908 96 102 
6876 856 85 92 
6825 905 96 102 
6826 898 96 102 
6880 832 85 90 
6825 898 96 102 
6881 824 90 99 
6826 898 96 102 
6882 823 90 101 
6825 914 96 101 
6882 830 91 100 
6826 924 98 102 
6883 842 89 98 
6825 934 98 107 
6883 848 90 100 
6825 952 98 104 
6881 850 89 98 
6825 957 96 101 
6881 852 90 99 
6826 952 96 102 
6879 845 91 97 
6827 944 96 101 
6879 838 89 98 
6879 844 90 98 
6826 950 96 102 
6879 863 88 98 
6827 956 96 102 
6880 880 89 98 
6828 954 96 101 
6881 882 89 99 
6830 948 96 103 
6881 871 89 99 
6831 932 96 102 
6882 862 89 98 
6832 918 96 101 
6880 850 89 98 
6833 913 96 101 
6880 846 89 100 
6834 928 95 102 
6880 846 89 98 
6834 943 96 102 
6881 849 90 99 
6837 950 97 101 
6882 848 89 100 
6837 950 95 103 
6882 844 89 98 
6838 949 95 102 
6881 844 89 98 
6837 956 96 101 
6880 842 88 98 
6838 955 96 101 
6880 846 104 124 
6839 952 109 125 
6876 841 106 125 
6840 943 107 125 
6877 838 104 125 
6841 932 109 125 
6876 832 106 125 
6839 914 109 126 
6877 822 105 124 
6839 899 110 126 
6877 814 105 127 
6839 885 111 125 
6876 808 105 126 
6838 872 108 127 
6876 804 90 124 
6837 860 109 126 
6876 802 107 127 
6837 851 109 124 
6877 800 106 127 
6836 843 108 124 
[INFO: Energest  ] --- Period summary #7 (60 seconds)
[INFO: Energest  ] Total time  :    1966081
[INFO: Energest  ] CPU         :      87385/   1966081 (44 permil)
[INFO: Energest  ] LPM         :    1878696/   1966081 (955 permil)
[INFO: Energest  ] Deep LPM    :          0/   1966081 (0 permil)
[INFO: Energest  ] Radio Tx    :       6488/   1966081 (3 permil)
[INFO: Energest  ] Radio Rx    :    1959440/   1966081 (996 permil)
[INFO: Energest  ] Radio total :    1965928/   1966081 (999 permil)
6877 798 108 127 
6834 836 107 124 
6877 798 91 128 
6834 832 110 125 
6877 798 106 127 
6833 828 108 123 
6878 796 106 127 
6834 826 109 123 
6879 795 106 126 
6833 824 110 123 
6880 794 105 129 
6832 822 108 124 
6880 794 106 122 
6830 818 108 124 
6879 794 91 126 
6828 816 109 126 
6878 792 107 127 
6829 815 107 124 
6879 792 104 123 
6830 814 95 102 
6879 791 88 95 
6831 816 99 107 
6878 790 89 95 
6832 814 102 112 
6876 801 95 109 
6833 814 127 170 
6874 842 443 555 
6834 817 111 147 
6872 866 553 602 
6833 824 310 363 
6871 872 516 585 
6833 832 289 375 
6871 874 325 474 
6834 844 313 419 
6874 870 355 501 
6835 860 329 433 
6875 862 369 523 
6836 888 309 408 
6875 870 377 525 
6876 862 365 521 
6836 912 299 397 
6875 856 371 525 
6836 926 306 405 
6877 866 351 514 
6836 939 299 397 
6877 860 366 519 
6838 960 304 403 
6879 864 388 532 
6839 978 322 425 
6879 878 389 533 
6840 996 333 435 
6881 884 403 539 
6840 1000 333 435 
6882 883 385 529 
6841 1000 339 442 
6883 890 384 528 
6842 999 365 467 
6885 900 396 535 
6844 1002 349 456 
6885 902 385 533 
6846 1019 360 463 
6884 896 406 540 
6846 1012 362 464 
6885 892 408 542 
6847 1006 345 445 
6887 884 418 547 
6849 1004 339 439 
6888 875 423 549 
6850 1012 349 446 
6890 862 423 549 
6851 1014 329 428 
6890 848 396 533 
6852 998 318 418 
6891 838 193 284 
6854 992 161 203 
6893 829 134 177 
6856 989 133 170 
6892 820 118 168 
6856 966 122 170 
6893 814 112 158 
6857 948 119 165 
6891 809 108 152 
6857 926 116 162 
6890 806 115 162 
6858 906 119 166 
6892 804 110 154 
6857 888 118 164 
6892 800 107 151 
6857 872 112 156 
6892 798 99 139 
[INFO: Energest  ] --- Period summary #8 (60 seconds)
[INFO: Energest  ] Total time  :    1966080
[INFO: Energest  ] CPU         :      86139/   1966080 (43 permil)
[INFO: Energest  ] LPM         :    1879941/   1966080 (956 permil)
[INFO: Energest  ] Deep LPM    :          0/   1966080 (0 permil)
[INFO: Energest  ] Radio Tx    :       6320/   1966080 (3 permil)
[INFO: Energest  ] Radio Rx    :    1959581/   1966080 (996 permil)
[INFO: Energest  ] Radio total :    1965901/   1966080 (999 permil)
6856 860 107 150 
6893 796 96 133 
6857 851 105 146 
6893 795 94 133 
6857 844 105 146 
6893 794 94 133 
6858 838 105 147 
6893 794 95 134 
6857 832 106 148 
6893 792 95 133 
6857 828 109 148 
6893 790 94 133 
6856 820 107 147 
6893 790 95 134 
6856 817 105 145 
6893 790 97 133 
6855 814 108 151 
6892 790 95 136 
6856 812 115 159 
6894 788 104 145 
6856 812 124 172 
6892 788 112 157 
6856 812 138 177 
6892 788 128 165 
6892 788 150 201 
6853 810 158 204 
6852 810 167 213 
6893 788 167 224 
6851 808 177 226 
6892 789 182 246 
6850 806 174 220 
6893 788 178 243 
6891 788 172 231 
6848 804 171 214 
6892 788 172 229 
6847 802 173 219 
6891 788 160 213 
6847 803 167 213 
6891 790 181 243 
6845 804 189 241 
6889 790 175 238 
6845 804 185 239 
6888 790 164 221 
6844 805 182 235 
6888 788 173 235 
6844 804 188 241 
6888 787 164 219 
6844 804 184 237 
6888 788 160 216 
6844 804 183 239 
6886 786 153 205 
6844 805 182 234 
6887 786 154 206 
6844 804 179 229 
6887 786 149 200 
6845 805 175 227 
6888 786 141 186 
6844 806 163 210 
6887 786 379 528 
6843 805 188 257 
6886 784 94 130 
6844 805 98 136 
6887 786 101 116 
6843 804 106 120 
6887 784 96 109 
6843 804 101 112 
6885 783 93 103 
6841 804 100 109 
6884 782 92 105 
6840 802 104 117 
6883 782 97 108 
6840 804 104 117 
6882 782 95 107 
6840 810 92 90 
6882 788 86 89 
6838 859 91 91 
6861 834 83 82 
6836 1014 90 90 
6834 968 80 81 
6837 1160 90 90 
6818 1092 81 84 
6837 1276 91 91 
6809 1186 81 80 
6837 1366 91 91 
6804 1258 81 81 
6839 1440 91 91 
6800 1313 81 81 
6839 1498 92 91 
6798 1357 81 80 
6839 1546 93 90 
6795 1392 81 80 
6840 1586 90 91 
[INFO: Energest  ] --- Period summary #9 (60 seconds)
[INFO: Energest  ] Total time  :    1966081
[INFO: Energest  ] CPU         :      82420/   1966081 (41 permil)
[INFO: Energest  ] LPM         :    1883661/   1966081 (958 permil)
[INFO: Energest  ] Deep LPM    :          0/   1966081 (0 permil)
[INFO: Energest  ] Radio Tx    :       6253/   1966081 (3 permil)
[INFO: Energest  ] Radio Rx    :    1959651/   1966081 (996 permil)
[INFO: Energest  ] Radio total :    1965904/   1966081 (999 permil)
6793 1420 80 81 
6841 1620 91 90 
6791 1446 80 81 
6840 1647 91 91 
6790 1466 80 80 
6843 1672 92 92 
6790 1485 80 81 
6842 1692 92 90 
6788 1501 82 81 
6842 1711 91 90 
6786 1516 80 81 
6843 1726 91 89 
6786 1530 80 79 
6843 1741 89 89 
6786 1543 79 81 
6842 1754 90 90 
6784 1555 81 80 
6843 1764 89 88 
6784 1566 81 81 
6843 1775 91 89 
6783 1577 81 81 
6843 1784 90 89 
6783 1588 81 81 
6842 1792 90 89 
6782 1597 80 80 
6782 1607 81 81 
6843 1800 90 89 
6780 1616 81 81 
6844 1808 90 89 
6781 1625 82 81 
6844 1815 89 89 
6781 1634 81 82 
6844 1822 89 89 
6780 1642 81 83 
6844 1827 90 89 
6781 1650 80 80 
6843 1834 90 89 
6780 1658 80 81 
6844 1840 90 88 
6780 1665 81 80 
6845 1845 90 90 
6779 1672 80 80 
6844 1850 91 89 
6780 1679 78 82 
6844 1856 91 89 
6779 1687 81 81 
6845 1860 90 89 
6779 1693 81 82 
6844 1865 90 89 
6778 1700 81 81 
6844 1870 90 89 
6778 1706 81 80 
6845 1874 90 89 
6778 1712 81 80 
6846 1878 89 88 
6778 1718 81 81 
6844 1883 90 89 
6778 1724 81 81 
6846 1887 91 89 
6778 1730 80 80 
6845 1890 92 89 
6779 1734 80 80 
6846 1894 90 89 
6780 1740 82 81 
6846 1897 90 89 
6780 1745 80 80 
6846 1901 90 90 
6780 1750 80 80 
6845 1903 90 89 
6781 1754 80 80 
6845 1907 90 87 
6781 1759 81 81 
6846 1910 88 89 
6781 1764 82 81 
6845 1914 91 89 
6782 1768 81 80 
6845 1916 90 88 
6782 1772 81 80 
6845 1920 90 89 
6782 1777 79 80 
6845 1923 91 89 
6783 1781 80 81 
6844 1926 90 89 
6783 1786 81 80 
6844 1928 89 88 
6784 1789 80 80 
6845 1931 91 90 
6783 1793 82 81 
6844 1934 91 89 
[INFO: Energest  ] --- Period summary #10 (59 seconds)
[INFO: Energest  ] Total time  :    1966078
[INFO: Energest  ] CPU         :      85174/   1966078 (43 permil)
[INFO: Energest  ] LPM         :    1880904/   1966078 (956 permil)
[INFO: Energest  ] Deep LPM    :          0/   1966078 (0 permil)
[INFO: Energest  ] Radio Tx    :       6395/   1966078 (3 permil)
[INFO: Energest  ] Radio Rx    :    1959499/   1966078 (996 permil)
[INFO: Energest  ] Radio total :    1965894/   1966078 (999 permil)
6784 1797 81 81 
6844 1935 94 95 
6788 1798 91 97 
6846 1934 101 112 
6794 1741 93 104 
6846 1839 106 119 
6800 1634 98 111 
6846 1680 101 110 
6806 1502 90 97 
6844 1530 94 101 
6807 1402 88 93 
6838 1440 96 101 
6803 1348 88 92 
6832 1381 93 99 
6798 1306 84 92 
6825 1340 94 99 
6794 1276 87 92 
6821 1302 102 109 
6790 1250 92 101 
6793 1203 86 92 
6820 1244 94 100 
6793 1166 87 93 
6819 1194 93 98 
6788 1164 86 91 
6812 1183 93 99 
6785 1164 87 91 
6807 1178 93 97 
6780 1162 87 94 
6802 1177 94 100 
6778 1150 94 102 
6800 1159 99 108 
6776 1110 86 91 
6800 1120 92 96 
6773 1103 86 91 
6794 1108 93 97 
6770 1105 85 91 
6789 1106 93 97 
6766 1088 88 93 
6784 1094 93 97 
6763 1073 91 99 
6780 1083 100 108 
6763 1046 86 92 
6781 1058 94 97 
6761 1031 87 94 
6777 1043 94 101 
6757 1028 88 94 
6774 1036 95 101 
6756 1014 88 93 
6772 1026 94 100 
6754 1009 96 112 
6772 1020 107 121 
6755 994 99 113 
6770 1002 105 119 
6756 971 99 114 
6770 978 107 120 
6757 949 98 112 
6768 955 106 120 
6758 930 97 112 
6769 936 106 119 
6759 918 99 113 
6769 922 106 119 
6759 908 98 110 
6771 910 106 119 
6760 894 98 112 
6770 899 105 118 
6761 886 99 112 
6771 889 105 120 
6762 878 98 112 
6771 884 104 120 
6762 872 98 112 
6771 876 105 120 
6763 868 98 112 
6772 872 105 119 
6765 868 98 111 
6773 870 106 118 
6766 866 99 112 
6773 868 106 120 
6768 866 98 112 
6774 867 106 120 
6771 868 98 111 
6773 864 105 121 
6772 864 98 113 
6774 860 108 120 
6772 862 98 113 
6774 858 107 121 
6773 860 99 113 
6776 858 107 121 
6774 859 98 112 
6777 858 107 122 
6776 858 99 113 
6778 858 108 122 
6777 856 99 113 
6778 856 108 122 
[INFO: Energest  ] --- Period summary #11 (60 seconds)
[INFO: Energest  ] Total time  :    1966082
[INFO: Energest  ] CPU         :      85867/   1966082 (43 permil)
[INFO: Energest  ] LPM         :    1880215/   1966082 (956 permil)
[INFO: Energest  ] Deep LPM    :          0/   1966082 (0 permil)
[INFO: Energest  ] Radio Tx    :       6294/   1966082 (3 permil)
[INFO: Energest  ] Radio Rx    :    1959610/   1966082 (996 permil)
[INFO: Energest  ] Radio total :    1965904/   1966082 (999 permil)
6780 855 100 114 
6779 856 105 121 
6780 854 100 113 
6780 856 108 123 
6782 852 100 114 
6781 854 108 123 
6783 852 99 114 
6782 854 108 124 
6784 850 99 115 
6783 852 107 123 
6785 848 101 116 
6787 845 101 116 
6784 851 112 123 
6787 843 100 116 
6782 850 108 123 
6787 842 101 117 
6781 848 107 123 
6785 840 100 116 
6782 848 108 124 
6784 840 103 117 
6783 847 108 123 
6785 838 100 116 
6782 846 108 123 
6786 838 100 115 
6783 844 108 122 
6788 838 99 115 
6782 844 107 122 
6789 838 98 111 
6782 842 105 120 
6791 837 97 112 
6782 842 110 122 
6792 835 100 110 
6783 841 106 121 
6794 834 99 115 
6785 840 108 123 
6795 833 101 117 
6784 840 109 124 
6797 832 102 117 
6784 838 109 125 
6798 830 101 118 
6785 838 109 125 
6799 831 102 116 
6786 838 109 125 
6800 830 103 118 
6786 838 108 124 
6800 829 102 118 
6787 838 109 125 
6799 828 102 118 
6788 838 109 126 
6800 828 101 117 
6788 838 110 125 
6800 826 103 118 
6788 836 108 124 
6800 826 102 118 
6790 836 109 125 
6803 825 101 117 
6788 835 109 126 
6802 825 102 117 
6789 836 109 125 
6803 825 102 118 
6788 836 108 125 
6805 825 102 118 
6788 834 110 127 
6804 826 102 118 
6787 833 110 127 
6806 824 102 118 
6786 832 93 127 
6808 824 103 119 
6787 832 93 127 
6808 824 103 120 
6788 832 95 129 
6809 823 103 123 
6789 834 110 127 
6809 823 104 122 
6790 834 94 130 
6810 822 105 124 
6790 834 93 131 
6811 822 102 124 
6791 834 96 132 
6811 822 107 126 
6792 834 96 133 
6811 822 110 127 
6793 832 95 134 
6813 822 92 126 
6793 832 97 134 
6814 822 93 127 
6795 832 97 132 
6814 822 90 127 
6795 832 98 133 
6815 822 93 128 
[INFO: Energest  ] --- Period summary #12 (59 seconds)
[INFO: Energest  ] Total time  :    1966078
[INFO: Energest  ] CPU         :      89564/   1966078 (45 permil)
[INFO: Energest  ] LPM         :    1876514/   1966078 (954 permil)
[INFO: Energest  ] Deep LPM    :          0/   1966078 (0 permil)
[INFO: Energest  ] Radio Tx    :       6504/   1966078 (3 permil)
[INFO: Energest  ] Radio Rx    :    1959388/   1966078 (996 permil)
[INFO: Energest  ] Radio total :    1965892/   1966078 (999 permil)
6796 832 96 132 
6814 821 92 130 
6797 832 96 130 
6814 822 92 130 
6796 831 97 133 
6812 820 92 129 
6813 819 95 130 
6798 830 95 133 
6813 818 94 128 
6798 830 96 133 
6811 818 92 129 
6799 830 95 133 
6811 817 92 129 
6800 830 95 131 
6812 817 92 129 
6802 830 94 133 
6812 818 93 129 
6801 830 94 131 
6813 818 107 126 
6801 830 93 131 
6813 817 93 129 
6800 828 95 131 
6812 818 91 128 
6798 826 95 131 
6812 815 90 127 
6797 825 95 130 
6812 814 107 129 
6796 824 94 130 
6813 814 91 128 
6796 824 95 131 
6812 813 106 127 
6797 824 95 130 
6812 812 106 127 
6796 824 95 135 
6812 812 106 128 
6796 824 95 130 
6812 812 106 128 
6795 822 93 132 
6813 813 106 127 
6795 823 93 132 
6813 814 107 127 
6796 824 95 132 
6812 813 91 128 
6796 824 95 131 
6812 814 91 128 
6797 824 95 131 
6813 814 90 128 
6797 824 94 131 
6814 814 92 129 
6796 824 94 131 
6816 814 105 129 
6798 824 92 127 
6818 815 105 126 
6798 824 92 128 
6817 814 107 127 
6798 824 110 125 
6817 814 91 127 
6797 825 109 130 
6814 814 106 128 
6797 826 108 126 
6815 815 91 128 
6797 826 93 127 
6816 816 90 128 
6798 828 111 128 
6816 816 105 125 
6798 828 109 127 
6818 816 104 124 
6800 830 108 124 
6818 815 106 123 
6801 830 108 124 
6819 814 104 122 
6802 830 105 125 
6820 814 101 120 
6804 828 108 124 
6805 830 110 127 
6822 815 101 118 
6823 814 101 118 
[INFO: Energest  ] --- Period summary #13 (60 seconds)
[INFO: Energest  ] Total time  :    1966080
[INFO: Energest  ] CPU         :      82664/   1966080 (42 permil)
[INFO: Energest  ] LPM         :    1883416/   1966080 (957 permil)
[INFO: Energest  ] Deep LPM    :          0/   1966080 (0 permil)
[INFO: Energest  ] Radio Tx    :       6433/   1966080 (3 permil)
[INFO: Energest  ] Radio Rx    :    1959466/   1966080 (996 permil)
[INFO: Energest  ] Radio total :    1965899/   1966080 (999 permil)
6806 828 111 124 
6806 828 109 124 
6826 812 100 115 
6807 824 107 123 
6808 824 108 123 
6828 810 99 115 
6828 809 100 115 
6809 822 107 123 
6829 808 98 115 
6808 821 104 123 
6829 808 99 116 
6812 821 107 124 
6829 808 99 115 
6831 808 100 114 
6810 820 107 123 
6830 807 99 114 
6810 818 107 121 
6829 806 99 114 
6829 806 99 116 
6829 805 99 114 
6809 820 107 122 
6829 805 99 114 
6809 818 106 121 
6828 806 98 113 
6809 818 106 121 
6828 806 99 113 
6809 818 104 120 
6829 806 98 113 
6810 818 106 120 
6831 806 97 112 
6810 818 106 121 
6831 806 99 113 
6809 818 106 122 
6831 806 99 113 
6809 818 106 121 
6832 806 98 113 
6810 818 105 120 
6832 806 98 112 
6810 818 107 121 
6832 806 98 112 
6810 818 105 120 
6833 804 98 112 
6809 819 106 121 
6832 804 98 112 
6807 814 104 120 
6807 812 106 121 
6831 798 97 112 
6807 812 106 119 
6829 798 97 112 
6805 810 105 120 
6805 811 105 120 
6830 801 97 113 
6806 814 102 120 
6828 800 98 112 
6806 814 105 120 
6827 800 98 112 
6806 812 107 120 
6827 798 97 112 
6804 814 104 118 
6828 800 98 112 
6804 813 106 120 
6828 800 97 112 
6829 802 95 107 
6804 814 105 118 
6806 816 100 110 
6831 802 93 104 
6807 816 99 105 
6832 803 89 98 
6808 818 105 119 
6833 804 98 111 
6833 804 97 111 
6807 821 105 118 
6834 806 95 107 
6808 822 102 115 
6835 805 88 99 
[INFO: Energest  ] --- Period summary #14 (60 seconds)
[INFO: Energest  ] Total time  :    1966083
[INFO: Energest  ] CPU         :      80784/   1966083 (41 permil)
[INFO: Energest  ] LPM         :    1885299/   1966083 (958 permil)
[INFO: Energest  ] Deep LPM    :          0/   1966083 (0 permil)
[INFO: Energest  ] Radio Tx    :       6256/   1966083 (3 permil)
[INFO: Energest  ] Radio Rx    :    1959655/   1966083 (996 permil)
[INFO: Energest  ] Radio total :    1965911/   1966083 (999 permil)
6836 806 91 99 
6809 824 102 115 
6810 824 97 113 
6839 806 98 111 
6811 826 105 119 
6839 804 97 111 
6810 825 103 119 
6839 805 94 106 
6812 824 103 115 
6840 804 94 106 
6811 823 103 117 
6841 804 97 111 
6810 824 104 118 
6840 804 91 101 
6812 822 100 109 
6840 804 93 102 
6812 822 96 103 
6840 804 89 98 
6814 826 97 104 
6842 811 89 95 
6814 835 94 101 
6843 820 88 94 
6815 846 94 100 
6844 824 88 94 
6815 854 92 99 
6844 824 89 95 
6814 860 96 102 
6844 838 91 101 
6812 896 97 108 
6843 864 92 102 
6811 916 98 107 
6841 872 90 99 
6812 917 97 104 
6841 870 88 96 
6813 917 93 99 
6841 873 87 93 
6809 932 93 98 
6839 894 88 94 
6805 970 93 100 
6838 909 87 95 
6803 984 93 100 
6839 914 88 94 
6804 968 94 100 
6841 916 87 96 
6804 958 92 100 
6842 914 90 95 
6804 948 93 101 
6840 904 89 95 
6805 940 94 100 
6839 889 88 95 
6806 930 95 99 
6840 878 88 95 
6807 924 94 101 
6839 868 88 95 
6809 916 95 101 
6838 860 89 96 
6809 908 94 100 
6838 854 88 95 
6811 900 95 101 
6840 850 88 95 
6811 892 95 101 
6839 848 90 95 
6813 883 95 101 
6838 842 88 94 
6813 881 95 101 
6840 839 88 96 
6813 890 95 102 
6840 838 88 95 
6813 886 95 101 
6840 834 88 95 
6813 875 94 100 
6840 832 87 96 
6814 865 94 100 
6841 830 89 96 
6814 866 94 101 
6842 832 88 95 
6814 864 95 101 
6844 834 87 96 
6815 860 95 102 
6844 834 86 96 
6844 832 87 96 
6816 858 94 102 
6845 831 89 96 
6816 860 96 101 
6846 830 88 95 
6818 863 95 101 
6845 830 88 96 
6820 865 95 101 
6846 829 89 96 
6820 869 95 102 
6848 828 87 96 
6821 870 94 101 
[INFO: Energest  ] --- Period summary #15 (59 seconds)
[INFO: Energest  ] Total time  :    1966077
[INFO: Energest  ] CPU         :      82840/   1966077 (42 permil)
[INFO: Energest  ] LPM         :    1883237/   1966077 (957 permil)
[INFO: Energest  ] Deep LPM    :          0/   1966077 (0 permil)
[INFO: Energest  ] Radio Tx    :       6539/   1966077 (3 permil)
[INFO: Energest  ] Radio Rx    :    1959400/   1966077 (996 permil)
[INFO: Energest  ] Radio total :    1965939/   1966077 (999 permil)
6848 827 88 96 
6822 867 96 100 